[  350.883511] [Project1] 1918 1588044137.639101744 1588044138.404548168
[  352.547057] [Project1] 1919 1588044139.312082529 1588044140.068087339
[  354.105664] [Project1] 1920 1588044140.873429775 1588044141.626688957
[  355.661837] [Project1] 1921 1588044142.409533501 1588044143.182843208
[  357.215603] [Project1] 1922 1588044143.985400200 1588044144.736618519
[  358.737458] [Project1] 1923 1588044145.509806633 1588044146.258468151
[  360.253995] [Project1] 1924 1588044147.025922060 1588044147.775001526
[  361.779062] [Project1] 1925 1588044148.548682213 1588044149.300064564
[  363.283114] [Project1] 1926 1588044150.039723396 1588044150.804112673
[  364.766673] [Project1] 1927 1588044151.547284126 1588044152.287668705
